1409
1556
1654
1709
1978
2064
2332
3414
3505
3639
4061
4070
4628
5619
5916
6139
6684
6777
6956
7487
7535
7560
9395
9474
9552
9996
10175
10987
10994
11480
12034
12353
12505
12567
13137
13253
13474
13773
13946
14293
14792
14898
14902
15257
15655
15882
16181
16420
16559
17036
17165
18361
18477
18892
19226
19579
19937
20317
20630
20890
21008
21063
21541
21927
22591
23105
23260
23418
23603
23775
24036
24199
24471
24590
24635
24803
25216
25247
25425
25453
26012
26202
26757
26981
27871
27890
28199
28388
28392
29994
30250
30754
31499
31781
32125
32421
32931
33280
33757
33926
34050
34283
34511
35539
35778
36144
36186
36322
36327
36845
37007
38353
38545
39054
39411
39605
39698
39752
39753
40688
41012
41135
41393
42370
42398
42635
42860
43069
43544
43687
44091
46299
46395
46453
46746
46754
47009
47146
47354
48330
48547
49524
49698
49772
49937
50000
50183
50347
50457
50836
51835
52010
52135
52136
52253
52504
53372
54330
54422
55129
55815
56042
56204
56375
56963
57235
57432
57729
57883
57933
59668
59764
59971
60030
60502
60689
60815
61122
62160
62420
62630
62891
63258
63307
63620
63701
64524
64590
64872
65050
65396
65960
65961
65995
66051
66273
66338
66489
66713
66941
67114
67201
67538
68123
68258
69181
69488
69957
70106
70327
70658
71006
71630
72331
72545
72604
73708
73711
73737
73898
74025
74482
74723
74914
75484
75956
76913
77836
78300
78498
78842
79078
80240
80360
80435
80458
80487
80915
81037
81322
81556
82000
82258
82616
83709
83721
84446
85980
86989
87984
89134
89698
89769
89770
89818
90056
90275
90571
90677
91225
91468
91573
91705
92094
92192
92233
92343
92711
93081
93490
93706
93884
93933
94046
94195
94349
94408
94870
95033
95115
95149
95666
95952
96221
96236
96319
97115
98087
98626
98663
99395
99470
99539
99595
100080
100645
100800
100982
101025
102747
104014
105780
105783
106655
106990
108164
108677
108738
109570
109953
111443
111912
112004
112093
112488
112504
112784
112822
113019
113677
113919
114019
114359
115395
117501
117662
117981
119048
120223
120502
121559
121578
121629
121921
122422
122501
122763
123073
124338
124481
124656
124807
125913
126569
126619
126730
127677
127695
127730
127971
128220
128576
128629
128637
128921
129276
129545
129760
130048
130443
131179
132265
132297
132953
133412
133430
133679
134170
134205
134446
135058
135504
135779
136515
136517
136605
136863
137067
137315
137626
137795
137971
138946
139654
139902
139932
140831
140864
142059
142259
142300
142562
143326
143337
143430
143530
143832
144893
144971
145103
145386
145605
146038
146081
146174
146359
146511
147015
147226
147381
147877
148718
149176
149684
150078
150254
150633
151097
151486
151929
152014
152768
152939
153714
153906
153971
154210
155266
155482
156442
156668
156731
157061
157476
157941
158309
158756
158984
159570
160142
160257
160622
160765
161283
162011
162055
162064
162153
162527
163021
164247
164620
164933
165178
165199
165638
165998
166048
166467
167016
168097
168462
168652
168751
168866
170360
170884
170999
171453
171554
171699
172205
172690
173225
173442
173632
173983
174051
174195
175083
175292
175682
175727
176444
176997
177214
177712
177926
178119
178996
179620
180118
180574
180610
180668
181064
181086
181985
182043
182044
182180
182282
182841
182987
184470
184825
185122
185439
185709
185845
185942
185950
186009
186014
186770
186926
186997
187168
187533
188125
188352
188464
188838
188998
190887
191124
191744
193399
193533
194504
195003
195498
195728
197412
198229
198652
199152
199398
199555
199916
200017
200031
200243
201349
202382
202426
202475
202744
203641
203692
204673
206312
206413
206587
206655
206918
207139
207150
207489
207812
208136
208320
208769
208808
208865
209174
209188
210434
211627
212838
213513
213981
214731
215016
215135
215892
216028
216069
216165
216584
216918
217380
217652
217946
218539
219017
219620
219746
220118
220198
220242
220417
221859
222196
222563
223066
223990
224186
224329
224640
224665
224887
224953
225304
226424
227069
227396
227558
227822
227880
228333
228645
229234
229288
229371
229846
230328
230449
230884
230908
231359
231514
232366
232996
233621
234681
235066
235357
235458
237271
237319
237452
238361
238468
238694
239263
240615
240941
241262
241403
241938
242628
243072
244407
244497
244756
244820
245224
245866
246896
248471
248488
248588
248685
249474
249663
250193
250482
251065
251512
251842
252351
253740
253892
253935
254617
254688
255500
255845
256191
256300
256357
257265
257297
257906
258012
258385
258403
258489
258587
259006
259099
259272
259658
260584
261522
261652
262261
262551
262669
263162
263399
263409
264348
264432
264733
264753
265616
265766
265811
266009
266827
266965
267167
267274
267305
267400
267686
267732
268040
268902
269069
269198
269383
269433
269957
270354
270530
270540
271214
271785
273708
273890
274446
274496
274578
274701
276277
276649
277614
277934
278418
278694
278926
279297
279527
279537
279632
279634
279950
280609
280676
281316
281454
281864
282171
282495
282578
282799
283579
284048
285170
285341
285464
285676
285843
286297
286381
286737
286773
287599
287741
287803
287809
288142
288217
288802
289113
289581
289756
290043
290137
290276
291481
291786
292716
292893
293290
293552
293690
294137
294373
294794
295112
295340
295632
295880
296042
296587
296780
297191
297286
297303
297719
297845
298581
298634
298881
299799
300047
301292
301631
302857
303096
303275
303387
303416
303866
303935
305060
307417
307805
307994
308333
308960
309723
309860
310034
310060
310883
311086
311114
311344
311716
312522
313770
314136
314174
314553
314612
314771
314949
316751
317145
317519
317600
317979
319284
319327
319425
319476
319624
319889
319954
320572
320595
321442
321455
321764
322099
322198
322331
322834
323547
323624
323704
323803
324095
324108
325036
325205
325833
326150
326210
326399
327034
327120
327271
327477
328169
328683
328856
329135
329391
329962
330365
330473
330518
330618
331123
331475
331963
332395
332686
333070
333293
333322
333608
333678
334316
334807
335101
335238
335755
335795
336428
336528
337022
337204
337646
337692
337937
338412
338548
338864
338938
338956
339048
339754
339860
339973
340569
341398
342078
342102
342188
342617
342808
342885
343673
344149
345501
346159
347867
348486
348530
349066
349538
349927
350668
350820
351403
351997
352184
352693
352704
352932
353379
353958
354126
354730
354732
355238
355322
355657
356880
356913
356959
357203
357244
357326
357421
357945
358022
358331
359447
359674
359783
359891
361342
361509
361557
362492
362976
364146
364367
364500
364952
365933
366158
366569
366976
367113
367189
367324
367506
367554
368017
368924
369470
369574
369792
372230
372281
372285
372611
372696
372699
372734
373376
373445
373465
373935
374408
375949
376216
376739
378248
378469
379403
380630
381394
381783
382103
382161
382634
382785
383737
383815
384234
384433
384896
384935
385242
386502
386545
386556
387536
387677
387678
388318
388328
389850
390125
390767
391586
391943
393167
393559
394628
394795
394896
396529
396639
396984
397409
397627
397664
397826
398135
398583
399853
400577
401420
402117
402804
402930
403540
403597
403823
403831
403857
405106
406270
406391
406580
406856
406870
407070
407575
407745
408184
408213
408306
408590
409338
409529
410338
410421
410854
411556
411597
411774
412404
413197
413510
413913
414281
414316
415804
415950
416590
416778
417742
418046
418657
418742
418800
418838
418904
420016
420233
420855
421856
421899
422055
422206
422588
422976
423793
424210
424790
425541
426398
426434
426814
426893
427290
428482
428504
428990
429374
429503
429725
429761
430114
430980
431102
431295
431444
431566
431917
432064
432240
432301
432601
432655
432804
433754
433760
433765
433769
434281
434597
435805
435905
436267
436313
437259
437804
437809
437825
438028
438118
438157
438192
438199
438333
438799
439213
439254
439741
440896
441611
441713
441871
442382
442906
443313
443323
444009
444021
444153
444483
444900
445003
446160
446207
446666
447051
447314
449036
449762
450084
450309
450560
450656
450883
452562
452727
453064
454132
454180
454737
454739
454861
455576
455583
456365
456392
456684
456830
457245
457353
457852
457994
458518
458672
458840
459446
459754
459952
460002
460100
460560
460686
461398
461991
462513
464437
464496
464563
464974
465556
465602
465777
465802
466223
466614
466961
467440
467724
468411
469171
469481
469587
470109
470742
470861
471030
471510
472713
473094
473435
474155
474234
475206
475677
476177
476869
477334
477476
477512
478379
478392
478491
478964
480193
480298
480446
481073
481191
482013
482154
482920
483803
484270
484426
485417
485707
487930
489468
490349
490653
490822
491043
491104
492200
492757
493626
493739
493840
494719
494742
494901
495011
495847
496299
497204
497219
497786
497821
498100
498521
498697
499054
499442
500076
500218
501646
502080
502682
502736
503026
503673
503858
503871
504371
504466
505149
506118
506802
506871
507824
508234
508885
510206
511174
512839
513868
514466
515196
516437
516854
517608
517812
517937
518740
518973
519318
519950
520151
521002
522133
522942
523343
523989
524509
524620
525088
526663
526679
526848
527627
527871
528779
528848
529458
530228
530659
530890
532800
533692
534297
534307
534365
534381
535222
535487
535819
536868
537240
537461
537741
538048
538628
538649
538791
539721
539852
540800
541803
541819
541920
542263
543791
544274
545253
545319
545968
546185
546471
546856
546936
547967
549018
549348
549479
