712
2128
3160
3348
7966
8613
10448
12204
13462
14254
14590
15551
15696
16995
23922
25055
25726
26231
27094
28128
29157
34217
36094
37528
37890
40576
41424
43653
44367
45041
47525
47825
48760
51575
51716
53134
54766
55333
59538
59885
61228
63766
64162
66804
67775
68247
68532
68715
72208
72351
72389
74231
75620
75844
77886
78075
78254
78446
79183
80797
83271
90647
91958
92264
93928
96287
97830
98972
99191
100775
103595
103799
105055
105457
111014
111106
118332
118510
120821
126662
127131
129428
129444
130097
131666
133294
135015
137622
138444
141833
143393
145231
145963
146151
147748
148325
148467
151713
152238
154196
154654
158117
161241
161262
161527
164667
168664
168808
169026
173383
176754
177073
178628
179174
179550
187333
188947
190525
192093
192727
195417
197048
197742
200050
200144
201259
201401
203909
204327
204394
205488
205580
206319
206827
209001
209356
209464
211479
214381
216838
217799
218425
220865
221877
225483
230636
232395
232968
236983
238600
238918
239033
242081
242357
243259
245056
247052
248062
248629
251089
252422
252661
253744
254385
256766
257932
258426
258844
262229
264171
265870
266019
266081
268073
268205
270254
273409
273654
276038
276044
281048
281161
281529
282845
282894
283300
284267
286294
286606
292128
297685
298785
301115
301665
302124
302296
302449
302716
302755
307655
307670
308478
310437
311598
316284
318909
320222
323953
324868
325703
334618
335137
335670
335707
335761
336231
338776
339716
340330
340623
341604
341861
342177
343030
343618
345040
347642
352551
356591
356773
357089
362439
363801
365947
366474
370419
376153
377251
379949
381876
385119
389632
393447
399119
399261
400553
403566
405550
405844
408941
410019
410497
413237
415948
416053
418474
419723
420057
422887
428001
429018
432137
435668
436515
436757
440892
442146
443826
444562
445014
445107
445774
448270
449794
450519
453647
454043
457285
459570
459819
459833
460576
462472
468622
476180
478256
478917
479419
487919
490294
492434
493420
494752
499110
499317
499677
503039
505459
506311
508102
511958
517307
517695
518426
518460
520067
521813
524927
525034
525383
525420
531015
533425
534216
535816
541439
543528
546208
548207
548586
548748
