546
1756
1820
3955
4010
5653
7700
7834
8715
9014
9276
10176
10298
10939
11054
11194
11317
11834
12555
13197
13447
13660
14088
15633
16276
16492
16847
17652
18795
18972
19039
20629
21862
22071
22105
22406
23102
23337
23890
24276
24415
24642
25496
25592
26978
27451
27768
29273
30006
30697
31278
32518
32561
34109
34178
34696
36723
36938
37948
38572
38716
38737
38968
39207
39217
39778
39936
40764
41030
41267
41915
42668
43059
43137
43872
48026
48296
48544
49087
49470
51231
52591
52716
53978
54092
54206
54360
54682
55079
56868
57452
57983
58336
59580
60049
60210
61309
61628
63072
64260
67459
67737
67852
68400
68959
70937
71177
73062
73134
73580
73622
74049
74632
74820
78148
78663
79587
79867
80054
80818
80873
82709
82958
83267
83698
84409
84541
84907
85835
85854
86566
86959
87651
87690
90200
90530
91357
91890
92955
94048
94531
94583
95031
96552
97334
97694
98191
99807
99853
100178
100464
102409
103891
103910
104213
106372
106475
106918
106927
107735
109013
109358
110162
110556
110610
111247
111266
111741
114527
114776
114871
115317
116257
117567
117582
118035
119149
119329
120883
121154
121449
122615
122796
122819
123635
123853
124306
124311
124997
125278
125730
125846
126032
126067
126112
126538
127849
128269
128676
128684
130867
131722
132310
132350
132379
132789
133171
134537
135095
135211
136292
136316
136564
137611
137735
138248
138260
138570
139169
139984
140465
140814
141138
141783
143200
143890
143998
144106
144251
144498
144592
144594
144974
145824
146113
146517
147746
149247
149811
150405
150544
150548
151181
152036
152354
152955
153873
154334
155031
155526
156073
156195
156354
156903
157497
158099
158133
158219
158640
160134
161376
161746
162537
162975
163850
164579
164945
165110
165131
165430
166108
167962
168052
170037
170370
170840
171108
171728
171786
171844
172212
172768
172948
174445
174483
174730
175634
175714
175823
176737
177435
178152
178760
179095
179787
180187
180448
180722
181077
181784
182422
182763
182865
182947
183827
184911
185086
185900
186778
186935
187560
188868
189260
189719
190001
190342
190659
190867
193147
193487
193504
194424
194460
195654
196317
197347
199315
199748
200769
202201
204045
204060
205162
205235
205297
208360
209663
210663
210881
210886
211091
211424
211608
211735
212923
213169
213214
213530
214205
215278
216525
216796
216855
217037
217495
217503
217925
218119
219176
219311
221421
223403
225221
225369
226404
227310
228258
229034
229095
229886
230370
232882
233056
233933
234512
234709
235247
236950
237132
237137
237664
238864
239133
240087
241666
242528
242901
243049
244336
244366
245690
246360
247299
247598
247925
247974
249469
250531
250985
251170
251416
253488
253957
253959
255609
256202
256760
257569
258428
258799
259045
259138
261380
261539
262180
262778
263231
263325
264025
264103
266807
268029
269653
269656
270317
270545
270624
270909
271598
272586
273045
274071
274197
274390
275333
275593
276673
276855
276941
277293
277782
278032
278339
279429
279633
279805
280437
280963
281176
281833
282271
283355
283858
284087
288977
289440
289589
291158
292751
292887
293037
293844
294988
295078
296967
297295
297458
297913
298393
298394
298657
299010
299070
299097
299699
299949
300303
300402
300698
301084
301936
302216
302543
302661
303053
303146
303674
305932
306242
306576
307502
308430
309145
309376
309392
309694
309823
314166
314479
315617
316172
316513
316547
317531
317632
317914
318038
318067
318907
319209
319250
322395
322508
322769
325679
326358
329211
329253
329354
329383
329423
329732
329804
333676
334364
334904
335207
335590
336570
336858
336953
337011
337024
337428
337924
338385
338982
339255
339487
339852
340550
341357
342571
343126
343934
344848
345271
345315
345635
346547
346733
347430
347609
348348
348362
349398
349806
349972
350451
355527
356117
359140
360592
361511
362609
362956
363445
363544
364047
364858
364984
365261
365912
367812
368419
370248
370862
370986
371077
371206
371313
371449
371574
372150
372574
373502
374111
374969
375954
376338
376545
377585
377691
378263
379065
379879
380231
380435
381254
381346
381731
382583
383316
383331
384865
385310
386073
386184
386485
386728
387877
389067
389693
389989
390055
390470
390788
391719
393991
394133
394239
396422
396927
397534
398149
398425
398476
398517
400501
401624
401958
402107
402367
403473
403789
404626
404786
405398
406706
407226
407671
408325
409776
409784
409817
410109
410354
410382
410867
411119
411884
411910
412383
412522
413129
413372
416305
417809
418437
420758
421910
422207
425052
425585
426094
427145
427659
427738
428481
428711
428989
429642
430486
432444
432499
432632
432772
433702
434067
434103
434247
435153
435279
435409
436723
437411
437449
438220
438576
439209
439229
439557
439840
440942
442113
442502
444825
444975
445253
445898
445989
447453
448898
449198
449210
449258
450367
450797
451393
451905
452201
452501
453569
453839
453890
454183
454302
455369
455937
457064
457601
457975
459042
459044
460206
460808
460869
461303
463497
463538
466616
467331
468108
468327
468599
469951
470719
470993
473290
473962
474136
474462
475382
475639
475924
475940
476892
476896
477398
477741
478239
481711
484590
485777
486915
487459
488132
488573
490539
490679
491934
492822
493079
493252
494208
494549
494789
496075
496359
496614
499044
499091
499119
500079
500380
503600
506865
508303
508807
509094
509409
509972
510271
510438
510578
510919
511751
511873
512001
512074
513075
513442
513791
514585
515332
515911
516528
517327
518404
519729
520012
520345
521252
524340
524598
524789
525218
525454
525708
525845
526292
527070
527233
527568
528020
529248
529562
529885
531581
531710
532400
532815
533673
534089
537199
537464
537476
539659
539857
540927
541596
542918
543209
543237
544971
545124
546939
547910
548184
548228
548560
549237
